INDEX.

0511151, Thomas, 61.

Ooylton, 151151 51, 1111, 48.

(1151315,155111 51, xxiv, 34, 35, 45.

(1151355115, 15515 51, xxvi, 66, 58.

(11551511,151151151,1151115 51 111, 12, 14, 15,
18. ·

(1151115111, 1515 51, 11, 14.

01551551, 1515, 151111 51 Κ5155, 50, 51.

(11551511, 1515 51, 555151511 15 115 Κ153, 39, 41,

omniura. Alexander, 51Κ5155, 109, 110, 111.

(11551511, Β511111155, 109.

(11551511, (1151155, “ 55111151” 15 115 Quaen,

xxviii, 100, 107.
enniani, David, 5511 51, 13.
01551511, David, oi 115155, 110.
cranium, 15555, 110.
(11551515, 1515, 75.
(11551511, 1515111115 51 111, 117.,
51555155, 15551, 54, 155, 111.
(11515115, land 51, 17, 19.
(1151111 15155115 landa 51, 105, 110.
5151155155, xxiii, 14, 15, 11, 45, 55.
(1151155 15 51114155 51 111, 111., 41, 91, 93,

54, 155.
(5551531555, Daniel, 51 1151151111, 111.
05555315551515, 111.
(1555531555, 1151511, 5511551, 109.
(1555531555, Γ11555515 (1511155515, 111.
(1551531555, 1515, 1513555 51 111, 91.
(1115153155, william, 151115 51 111, 114.
(155153155511515115, 80.
(151551, william, 51 1111515131, 39.
(15111, 15555, 73, 74.
(15111,1515,11111, 73, 74.
(15111, 1151155, 11115 51 1515 1455311111, 73, 74.

11555551,155 51, 111, 45.

1151151115 (11515111111115111 15551551, 105, 111.
1151115115, 111. 15111511, 114.

1151115115, (15115, 1513555 51111, 74, 75.
1151115115, 1515, 1513555 51 111, 92, 95.
11511151151515, 555 51 (15115, 75.
1151115115115555, 69, 71, 72.

1151115115, landa of Wood 51, 11111, 57, 58.
11511155, 155115 51, 111.

11555, william, 70.

115515111, 155115 51, 111., 45.

11551551151555, 8111515 51, 151311, 23.
1)511551,11111155, 72.

121

David 11, King 51 85515, 1111, 3, 7, 8, 9, 10,
15, 55.

David IL, 153551 15515 51, xviii.

11551515, 8., 111., 83, 91.

Dominio, 8.,1555151, xxi.

1155151555 111515 51111, xxviii, 101, 101.

11555115, laudi in, 110.

11553155, Sir 1151115141 51, 31.

1155315, 1151115111, 5511 51, 15111 51 (15115551,
33.

1155315515555, loni 51, 5.

11553155, 1555515111 51, 151311, 32.

11553155, 15555 5115111 51 115115111, 33.

1151153515 51111, 15, 17, 19.

11555, 11515151, 17, 20.

1115555511, John, lord, 93.

1115551115 11551511, 111.

1155511515115, 105, 110.

11551151, Adam, 111.

11551151, 111. (15115, 5151155555 51 Si Andrews,
51511 15311151, 93, 94.

11551151, 111. Georgo, minister 51 111, 114.

11551151, 111. 15555, 57.

1155115, 1515, 114.

11551551511551, 116, 117.

11551511151111151, 1111, 56, 58.

115515151155,15555, 51115151, 93.

11551511, 31.

Duphoill (115115111155115 51, 1111, 5, 5, 17, 20,
15, 44, 15, 111.

1155555511111511 Ρ155511511 51, xx
1111515131, 15115 51, 1, 3, 10.
1131151555151555, 110.

111315, 111515 Ρ15551515 51, 11.

1111151511, (15555 51 85315511, xxxiii

111155 (Eleu), 11115 51 Adam 51115515, 47, 48.
11151155, Thomas 51, 151311, 33.

1111355155 IV, 1515, 83, 87.

Ε1553511515, 90.

1115155551 Rulli 51 scotland, xxiv.

111511, 1515, 551511, 73, 80, 82.

115555, 1515, 80.

15511151, 1153155111 51, alderman 51 111,111.,
51, 55, 45.

151355111111511115111, 110.

8115 5511 11551511, 5511 51, xxiv, 26, 27.

1115 and 11551511, 1151511, 5511 51, 29, 30.

 

