122

Fleming, 1101001111, 0011 01 wigton, 111., 0, 0, ¹
1100

11010108, Sir 1101001111, knight, 7.

1101111111, 14, 11.

101011, Thomas, notnry, 2, 0.

10111 (Funde), 1111 111111, Ayr, 02.

10111011, continuator 01, 111.

10110111, Sir John, knight, depute chamberlain
011011111141. ¹

1011111011001, 1, 24.

10110011, 1111110111, 98.

1001011001, 1111, 109, 110.

Francis, St, 89.

mnam Frim 01111, 101, 101.

111111 Aures, 1111 11011101, 109, 111.

111111, Black, 01111, 11111, 100, 107, 108,112.

Primnum, nnn 11, 101, 101, 110.

1111111100, 1111110 01, 100, 109, 110.

111111 1111101111, 111, 89, 91.

run· 1110011011, 01111101, 111., 11.,111., 40, 47,
83, 84, 80, 89, 90, 91.

111111 1110011010, 11011-00111111101, 42, 43, 47.

111111 Ρ100011011 01 Ayr, 1111, 11.,11111, xxiv„
111.,1111,111111, 1111, 1, 9, 4, 0, 0, d
paam, 100.

rrius 1100011011 01 1111100011, 11.

111110 praehere 01 10111101, xx.

111011 1110011110 01 1111ἰο110131, 11.

111011 1110011111 01 1111111, 11.

111111 1100011010 01 1011110110, 11.

111110 1110011110 01 101111, a

1111111 1101011110 01 01111103, 11.

111011 1101011110, chun-nh 01, 01 111111, 1111,
40, 44, em, 100.

11101111, 1111 landa 01, 110.

1011111011, (11111110, 01 1110111100, 72.

1011111001, Thomas, 11013110 01 Ayn, 82.

101101101010, burgen 01111, 01.

Fynlay 01 ¹ , 23.

(11111111 011111, 111.

Gdlowny, ⁵ (11011).

(1111011ογ, 011111 01, 110110 10, belonging to 1110
111111 1111011010, 100.

00110,111111111, 70.

(11111001, John, 1101011, 109, 110, 111.

(10111010, Hugh 01, 17, 20.

(1111101101111011 01 1111111010, 88, 40.

0011110011), 0, 4, 1, 1, 41, 11, 01, 14.

INDEX.

1111010111 md Kennedy‚ Inbelln, lady 01, mi,
xxvii, 11, 10, 11
1111010111, 1111101, lond, mi, 00, 00.

1 01111110, namna, 11

Gnagov, bishop 01, 8, 27, 28.

anagnu, Jnmm, 11011οἰ11100 01, 8ος hi· juris·
diction, 18.

61013011, 11111111, 11101101) 01, 33.

(11003011, 1111111111, 11101100 01, 9.

(11103011, 0111111111 (11111100) 01, 30, 31.

Glnngow, 0111011111 01, niv.. 25, 20.

(11113011, city 01, 20, 27.

(11103011, 01101011 01, fines 101, 8, 9, 10, 1³, 10,
11, 11, 20.

(11013011, 111110 Praebere 01, xvii, 11., 111.

(11001011, official 01, 18, 20.

Gay, John, bnilie 01 Ayr, 117.

⁰¹⁸5, unhul, mmm! 01 R 41111011,
xxvi, 49, 00.

(1101111111 01 Ayr, 110.

(1101111111 Kirk 01 Ayr, 112

(11101, william, 10.

(11100, Thomna, 10.

(11101000, J 01111, provincial prior 01 1110 1101101010,
un, 01, 01, 09.

(1010001111, 11111ογ, 00.

(1011101, 1111111001, 11111, 11, 13.

Gybsone, 10111011, burgen 01111, 80.

1141111, Ι1110111011, 47, 48.

Hanemarck, wiunm, keeper 01 the eommon
0111101111, 18.

Η101111,111111111ι, 109.

1110111100 (Hommylton), Alexander, 1101110 01
Ayr, 02, 04.

Ηο0111100, 111100 1100111111 Gndfflh, mit,
00, 67, 08, 09.

Ηο11101111000, 11111011, 109.

Hm, 10111011, alderman, 49.

Η10101, 11111111 01, 1101101 01 1110110110 01
1101011801139,41.

1111010101, notary, 102.

Henryson (Henrici), (11111011,1101110 01 Ayr, 37,
38.

Ηο11110011, Henry, 70.

Hewing, william, 78, 79.

Η111,.11011, wife 0101011 white, 01, 02.
1101010, Sir J 01111, ehnphin, 00, 00.
Ηο101011111, 1111 11011101, 91, 93.

 

