310011.

0011101101, Ηο1110 0111113010 01 001, 12,14, 001, burgh 01, 1011, 1111,11111,11011,1, 4, 6,

11, 13. 1, 11,13, 103, 100111.
0101110130,Ήο11100 of, 16, 10. 001, 1111311, 1000110 01, 1011.
0101110130, Walter 01, 14 (0010), 17, 19, 116. 001,111311,001101,111., 12.
00111111, 30. 001, 1111111111] 11, m, 30, 33, 40, 41, 43,
0001110011, 811110 Ρ101011013 01, 11. 103, 106, 010.
0001110011, (1111011, binhop 01, 38. 001, 010110 of, 1101, 49, 10.
0011111011, william, 12. 001, 110310110100 of, 1111, 107, etc.
00111010,Ρ1111111,74,71. ι 001, 11111001, 1111, 110., 1, 2, 4, 1, 7, 22, 23,
1111101101),111101111,11001, 11, 10. 33, 30, 33, 40, 41, 43, 34, 103, 100, 100,
10111,1110111, 103. 103, ete.
01100011, 0111111111, 48. 001,111111010 01, 42, 48
Alba, 1110110113, bishop 01, 69, 91. 001,1111111101001110 01, 1011, 010.
0110110, 81101 11111110 01, 01011 - 30110101 01 001, 01000010 01, 1111, 116, etc.

Ρ101101111 order in 8001111111, 43, 44. 001, 01100001 0111011100 of, 1110, 28, 30, 010.
01111110, 11011011, (10110 01, 110., 38, 40, 41, 42. 001,111001101111001,1110, 31, etc.
0110111011 01 001, 11010 as 10, 14. 001, 010111003010 01, 110, 42, 43.
Alexander IL, King 01 80013, 111., 11, 1111, 001, ’1011100111 (1001110111) 01, 12, 54.

xxiii, 1, 11, 13, 14, 13, 30, 30, 30. 001, 10111111, 44, 03, 03, 31, 33.
0110010 (01111000111101100111111, 11, 13, 29,

30. ΒΔ1111011111,1Ι111100, 101, 110.
0110011000, 1103111011, 14, 11. Βο1111010110(Βο011001110110),1110111111, 68.
01111100 (Andron), 11011011, 70. Βο1111010110, william, 97, 99.
Angue, 800130, 108, 109, 111. 8011, 0111011 01, 1101110 01001, 11, 10, 16.
0111110110, 8, 0111111101,11001 1101111, 1101, 49, 10. 3010011001, landa 01, 111 11010 1103101111.
Antonia de Pndnn, 81, 88. Β10110, 11111111, 81, 82.
Antonine, 8., 11, Bell, 1111111111, burgnon 01001, 11011, 72.
00111100, 8. Thomas, 40131 01, 111, 89, 91. Βο11011101 XIII, Pope, 37, 38, 40.
01000110, 0111100, 68, 69. 80101111, 811010 Ρ110011010 01, 11.
Are, Walter 01, 1101010, 37. norwich, 100011 of, 111.
013010 (813110), 0101111011, 0011 01, 93. 81011, (100130, 1101110, 72.
013010, David, 1110110001, 93. Blnir, Hugh 01, aquine, 37, 38.
Arinny, 01111001, 66. 81011, 1011100, alderman 01 001, xxxiv.
Arthnr, william, 79. Blnin, Jamen, 1101110 01 001, 114.
01111111, Gib 01, 49. 81011 (8101), John of, 00011110, 37, Ι38.
0110011101οΠ, nom mill 01, 112. 111111, John, lond 01 0101010011, 47, 48.
001, 1111130 of, 11011, 60, 61. 81011, John, 01 1111110 00011011110, 110111, 97,
001, burgenses 01, 110., 25, 26, 77, 28, 42, 43, 011 98, 99.

 

