196

6011011, Alexander, 106, 112.
Seoue, 33, 34, 114.

6001 (de Soulia), Adam, biehop 01 (10110101,

xxx1v.
6001, 611 william, 01 60111011, knight, 93.
6011101001, Reginald, 17, 19.
6008010 01111, 16.
60100, Alexander 01, 11013111, 5, 39.
61100111,10110,111101, xxix, 66, 66, 69, 70.
6110011, 110301, 73.
610000 (60010), 61. (luber-ine 01, xxi, 89, 91.
6111110111, Pope, 83, 87.
611000110110, 1110, 106, 109.
6101111001, 1101111111, 17, 19.
61011, John, 17, 19.
6111011110111110111, 69.
601011, 110110111111011000 01111, 16, 16, 17, 116.
61111111, frier Henry, 98.
6101111, ’11100100 69.
6010101111, 01, er.
Sneipissauld, 01011 01, 106, 109.
60011111, Adam, 1101110 01111, 117.
6001111101, 1101110011, 93.
6001111000, 11101110011111301101111, 37, 38.
6110110110οά, the 1111101100111, xx.
St. 10010111, 1011011110101, 93.
st. 1011101111,Ἧο1101, 1110110101, 33.
61. 10111001, house 01, 11001 1101111, 49, 60.
Steylredyng, lende 01, 10 111, 17, 90.
610111, John, 1101110 01 111, xxxiv.
Stepheneou (Stephani), Sir 110011, 0110111010, 43,
44.
61011001 01 6001101111, the, xxiv.
Stewerd, 1106011160, 7.
61011011, J ohu, 0000011101· 01 111, 114.
61111101, Friers Preeehere 01, xx.
61 10110,01111101101,01111, 67, 69, 67.
61. John, Trinity 01010111 01101011 01, 67.
61 1100001111,0110111011111 01, iu 111, 111.
st. 1100001111,101011 01, 111.
61. 11100100, 01101 01, 111, 119.
6106106111ος,10011001, xxvii, 66, 70, 71.
6101101000, baille 01111, 116.
6000300010 Τ1101110,1110 lende 01, 110.
Sundrum (Sondrom), 49.
Syme, John, 100, 100. ’

Ther, Γ11100101,1101110 01111, 67, 68, 69.
1000011, 10111011, 68, 69, 79, 99.

INDEX

1110011011, 1011100, 79.

,, , Τ1101111011 (Thomu), John, 001111, 69.

1110010011 110111000110110111118011 01 111, 37,
38.

11100000, Petriek, 80.

1110111000, Thornax, 78, 79, 89.

10111, John, prior 011110 Friere Ρ10001101101
111, xxix, ll, 13.

1011111016, the, 01 111, 109.

101101, old, in 1110 Woodgete, 109.

Τ1111101100,60001110,1111.,111111. ’

Twinhum, Walter 01, 0100001101 01 6001111011, 6,
39.

Unum V., Pope‚ miV.

1110111, Thomas, 76.

Vennel, 1110 common, in Ayr, 17, 19, 69.
Vicus Lapidarii 01111, 17, 19, 90.
Vienna, 00110011 01, 83, 87.

Vincere, 6.,1000101, 111., 69, 91.

11101110, John, burgeee 01 111, xxvii, 69, 63,
64.

11011101, frier John, xxviii, 79, 80, 81.

Wulker, william, 79.

1101101110 01111, 91, 93.

11011000, 111001, 111.

Wulleee (W alles), 111001, ο11101101100,1110100101
1101111111, 82, 91, 92, 93.

11011000, Hugh, 99, 93.

wallace, Sir Hugh, 01 0101310, xxiv, 34, 36, 46,
40, 10.

wallace, Hugh, 11011101 brother 10 Adam 11011000
01 110111001ιο, 99, 93.

17011000, Hugh, 01 6101110100, 68, 69.

’ , 11011000, John, 1011101 (1101310, 69.

1101100060110, 01 Oruigie, 106, 108.

11011000110111011, 01 0101ςί0, 74, 76.

11011000, 111. 1110110111, 1101110 01111, 98.

Walhzce, Mr. Μ1011001,01110110111, 106.

wallace (Wulleys), 611110601111018111, 6, 93.

11011000, 11011011, ukipper, 110.

11011000 (Walus), william, lord 01 Orugy, 46,
40, 41.

11011000, Willium, 01 001111110οε, 106, 108.

Walter, Cardiuel, biuhop 01 61013011, 96, 96, 97.

 

